G1= [[ inf,           12, inf,          25, inf ],
         [          12,  inf,          11,           8,          12 ],
         [ inf,           11, inf, inf,          17 ],
         [          25,            8, inf, inf,          15 ],
         [ inf,           12,          17,          15, inf ]]

G2= [[ inf,26,41,59,26,60,71,22,12,30,32,42,51, 9,26,80, 3,92,73,49],
      [26, inf,58,24,46,96,55,52,23,49,62,68,40,37,98, 4,88,91,79,10],
      [41,58, inf,26,34,68,14,72,11,65,49,78,71,90,89,34,70,20, 4,74],
      [59,24,26, inf,50,48,90,61,62,86,80,58,19,24,88, 3,49,17,97,71],
      [26,46,34,50, inf,50,47, 6,68, 5, 8,52,10,81,81,72,15,66,52,97],
      [60,96,68,48,50, inf,65,80,45,43,82, 9,14,18,39,83,80, 6,40,53],
      [71,55,14,90,47,65, inf,42,66,63,29,43, 2,98,17,11,37,20,49,34],
      [22,52,72,61, 6,80,42, inf,95,92, 6,74,27,42,55,94,42,98,30,70],
      [12,23,11,62,68,45,66,95, inf,66,54,70,66,18,13,99,17, 4,56,88],
      [30,49,65,86, 5,43,63,92,66, inf,67,19,37,46,98,16,85,64,38,19],
      [32,62,49,80, 8,82,29, 6,54,67, inf,43,48,12,59,23,39,58,25,29],
      [42,68,78,58,52, 9,43,74,70,19,43, inf,62,27,82,98,73,35,58,11],
      [51,40,71,19,10,14, 2,27,66,37,48,62, inf,90,88,81,26,59, 3,43],
      [ 9,37,90,24,81,18,98,42,18,46,12,27,90, inf,31,16,18,42,10,60],
      [26,98,89,88,81,39,17,55,13,98,59,82,88,31, inf,47,69,70,64, 4],
      [80, 4,34, 3,72,83,11,94,99,16,23,98,81,16,47, inf, 7,32,53,65],
      [ 3,88,70,49,15,80,37,42,17,85,39,73,26,18,69, 7, inf,41,82,72],
      [92,91,20,17,66, 6,20,98, 4,64,58,35,59,42,70,32,41, inf,96,53],
      [73,79, 4,97,52,40,49,30,56,38,25,58, 3,10,64,53,82,96, inf,33],
      [49,10,74,71,97,53,34,70,88,19,29,11,43,60, 4,65,72,53,33, inf]]

G3 = [[ inf,28, 7,15, 9,24, 8,30,29,16],
      [28, inf,28, 7,12,14, 2,26,19, inf],
      [ 7,28, inf,15,20, 1,19, inf, 3,17],
      [15, 7,15, inf,19,30, 6,17, inf,13],
      [ 9,12,20,19, inf,11,30,18, inf, 2],
      [24,14, 1,30,11, inf, 1,29,29,13],
      [ 8, 2,19, 6,30, 1, inf,25,30,22],
      [30,26, inf,17,18,29,25, inf, 6,26],
      [29,19, 3, inf, inf,29,30, 6, inf,29],
      [16, inf,17,13, 2,13,22,26,29, inf]]

G4 = [[ inf,28, 7,15, 9,inf, 8,30,29,inf],
      [28, inf,28, 7,12,14, inf,inf,19, inf],
      [ 7,28, inf,15,20, 1,inf, inf, 3,17],
      [15, 7,15, inf,19,30, 6,17, inf,13],
      [ 9,12,20,19, inf,11,30,18, inf, 2],
      [inf,14, 1,30,11, inf, 1,29,29,13],
      [ 8, inf, inf, 6,30, 1, inf,25,30,22],
      [30,inf, inf,17,18,29,25, inf, 6,26],
      [29,19, 3, inf, inf,29,30, 6, inf,29],
      [inf, inf,17,13, 2,13,22,26,29, inf]]

G5 = [[ inf , 32 , 78 , 49 , 77 , inf , 75 , 45 , 60 , inf ],
    [ 32 , inf , 81 , 48 , 53 , 47 , inf , inf , 83 , inf ],
    [ 78 , 81 , inf , 82 , 57 , 42 , inf , inf , 31 , 56 ],
    [ 49 , 48 , 82 , inf , 88 , 65 , 30 , 78 , inf , 64 ],
    [ 77 , 53 , 57 , 88 , inf , 70 , 30 , 66 , inf , 60 ],
    [ inf , 47 , 42 , 65 , 70 , inf , 48 , 33 , 69 , 65 ],
    [ 75 , inf , inf , 30 , 30 , 48 , inf , 71 , 63 , 52 ],
    [ 45 , inf , inf , 78 , 66 , 33 , 71 , inf , 89 , 70 ],
    [ 60 , 83 , 31 , inf , inf , 69 , 63 , 89 , inf , 54 ],
    [ inf , inf , 56 , 64 , 60 , 65 , 52 , 70 , 54 , inf ]]

G6 = [[inf, inf, inf, inf, inf, 343, inf, 1435, 464, inf, inf, 358, inf, inf, 1585],
     [inf, inf, inf, 1204, inf, 879, 954, 811, inf, 524, inf, 580, inf, inf, inf],
     [inf, inf, inf, inf, 1364, 1054, inf, inf, inf, inf, inf, inf, inf, inf, 502],
     [inf, 1204, inf, inf, inf, inf, 433, inf, inf, 1053, 1175, inf, inf, inf, inf],
     [inf, inf, 1364, inf, inf, 1106, inf, inf, inf, 766, 523, inf, inf, inf, inf],
     [343, 879, 1054, inf, 1106, inf, inf, inf, inf, 1040, inf, 398, inf, inf, inf],
     [inf, 954, inf, 433, inf, inf, inf, 837, inf, inf, inf, inf, inf, 715, inf],
     [1435, 811, inf, inf, inf, inf, 837, inf, inf, inf, inf, inf, 416, 397, inf],
     [464, inf, inf, inf, inf, inf, inf, inf, inf, inf, inf, inf, 1265, inf, inf],
     [inf, 524, inf, 1053, 766, 1040, inf, inf, inf, inf, 496, inf, inf, inf, inf],
     [inf, inf, inf, 1175, 523, inf, inf, inf, inf, 496, inf, inf, inf, inf, inf],
      [358, 580, inf, inf, inf, 398, inf, inf, inf, inf, inf, inf, inf, inf, inf],
      [inf, inf, inf, inf, inf, inf, inf, 416, 1265, inf, inf, inf, inf, inf, inf],
     [inf, inf, inf, inf, inf, inf, 715, 397, inf, inf, inf, inf, inf, inf, inf],
      [1585, inf, 502, inf, inf, inf, inf, inf, inf, inf, inf, inf, inf, inf, inf]]

GT_5 = [
[78, 94, 98, 35, 30],
[94,  2, 64, 81, 96],
[98, 64, 99, 83,  9],
[35, 81, 83, 98, 80],
[30, 96,  9, 80, 38]
]

GT_10 = [
[50 , 82 , 100 , 61 , 30 , 16 , 56 , 48 , 45 , 51],
[82 , 71 , 93 , 99 , 86 , 51 , 36 , 98 , 59 , 86],
[100 , 93 , 16 , 59 , 15 , 58 , 63 , 68 , 35 , 89],
[61 , 99 , 59 , 54 , 62 , 61 , 52 , 36 , 72 , 71],
[30 , 86 , 15 , 62 , 62 , 22 , 14 , 13 , 79 , 20],
[16 , 51 , 58 , 61 , 22 , 77 , 59 , 82 , 18 , 59],
[56 , 36 , 63 , 52 , 14 , 59 , 20 , 69 , 97 , 6],
[48 , 98 , 68 , 36 , 13 , 82 , 69 , 40 , 5 , 72],
[45 , 59 , 35 , 72 , 79 , 18 , 97 , 5 , 44 , 49],
[51 , 86 , 89 , 71 , 20 , 59 , 6 , 72 , 49 , 52]
]

GT_15 = [
[44,  65, 68,  5, 19,  90, 25, 30, 77, 43, 17, 98, 46, 61, 11],
[65,  12, 74, 47,  6, 100, 16,  3, 99, 66, 75, 21, 68, 86, 64],
[68,  74, 60, 19, 49,  71, 99, 26,  5, 97, 93, 34, 10, 68, 32],
[ 5,  47, 19, 37, 90,  41, 60, 43, 15, 16,  7, 92, 34, 24, 11],
[19,   6, 49, 90, 37,  86, 34, 71, 79, 55, 84,  4, 99,  8, 70],
[90, 100, 71, 41, 86,  85, 42, 94, 11, 32, 99, 16, 54, 36, 64],
[25,  16, 99, 60, 34,  42, 36, 31, 22, 71, 73,  3, 68, 30, 83],
[30,   3, 26, 43, 71,  94, 31, 29, 41, 98,  6, 58, 34, 16, 22],
[77,  99,  5, 15, 79,  11, 22, 41, 29, 10, 19, 93, 44, 11, 69],
[43,  66, 97, 16, 55,  32, 71, 98, 10, 38, 39, 39, 48, 56, 34],
[17,  75, 93,  7, 84,  99, 73,  6, 19, 39, 28, 23, 90, 27, 83],
[98,  21, 34, 92,  4,  16,  3, 58, 93, 39, 23, 99,  1, 19, 47],
[46,  68, 10, 34, 99,  54, 68, 34, 44, 48, 90,  1, 90, 43, 40],
[61,  86, 68, 24,  8,  36, 30, 16, 11, 56, 27, 19, 43, 86, 61],
[11,  64, 32, 11, 70,  64, 83, 22, 69, 34, 83, 47, 40, 61, 65],
]

GT_20 = [
[74, 17, 23, 51, 61, 75, 49,  72, 59, 66,  39,  98,  98, 93,  76, 67, 47, 82,  89,  2],
[17, 92, 16, 40,  5, 34, 52,  59, 72, 51,  71,  77,  82, 87,   6, 54, 92, 85,  42,  2],
[23, 16,  5, 14, 22, 41, 76,   2, 10, 39,  36,   3,  85, 85,  74, 81, 94, 63,  25, 89],
[51, 40, 14,  4, 88, 90, 14,  61, 73, 86,  57,   1,  62, 65,  84, 56, 32, 60,   9, 83],
[61,  5, 22, 88, 97, 12, 73,  57, 68, 98,  75,  79,  12, 70,  84, 34, 84, 64,  57, 47],
[75, 34, 41, 90, 12, 45, 12,  88, 34, 90,  28,  70,  65, 82,  67, 98, 11, 61,  32,  4],
[49, 52, 76, 14, 73, 12, 92,  31, 53, 22,   2,  30,  47, 77,  39,  1, 22, 97,  38, 98],
[72, 59,  2, 61, 57, 88, 31,  52, 10, 86, 100,  68,  75, 59, 100, 28, 27, 59,  15, 17],
[59, 72, 10, 73, 68, 34, 53,  10, 45, 52,  70,  11,  81, 72,   6, 65, 57, 82,  18, 88],
[66, 51, 39, 86, 98, 90, 22,  86, 52, 29,   6,  94,  10, 89,  22, 90, 15, 77,  26, 18],
[39, 71, 36, 57, 75, 28,  2, 100, 70,  6,  64,   7,   3, 51,  94, 44, 84, 83,  96, 69],
[98, 77,  3,  1, 79, 70, 30,  68, 11, 94,   7,  25,  43,  7,  64, 14, 89, 45, 100, 45],
[98, 82, 85, 62, 12, 65, 47,  75, 81, 10,   3,  43, 100, 38,  94, 67, 90, 28,  47, 81],
[93, 87, 85, 65, 70, 82, 77,  59, 72, 89,  51,   7,  38, 85,  85, 61, 96, 66,  99, 33],
[76,  6, 74, 84, 84, 67, 39, 100,  6, 22,  94,  64,  94, 85,  65, 75, 21, 67,  99, 73],
[67, 54, 81, 56, 34, 98,  1,  28, 65, 90,  44,  14,  67, 61,  75, 43, 20, 82,  78, 20],
[47, 92, 94, 32, 84, 11, 22,  27, 57, 15,  84,  89,  90, 96,  21, 20, 98, 94,  42, 95],
[82, 85, 63, 60, 64, 61, 97,  59, 82, 77,  83,  45,  28, 66,  67, 82, 94, 59,  33, 92],
[89, 42, 25,  9, 57, 32, 38,  15, 18, 26,  96, 100,  47, 99,  99, 78, 42, 33,  14, 99],
[ 2,  2, 89, 83, 47,  4, 98,  17, 88, 18,  69,  45,  81, 33,  73, 20, 95, 92,  99, 72]
]

GT_25 = [
[51, 42, 81, 49, 66, 43, 76,   5, 87, 23, 40, 63,  41, 91, 26,  82,  30,  70,  87,  34,  68, 94, 97, 94, 65],
[42, 77, 69, 63, 35, 51, 77,  59,  2, 81, 38, 15,  20, 36, 62,   1,  17,  40,  60,  86,  28, 75, 86, 92,  9],
[81, 69, 50, 13, 63, 59,  3,  78, 33, 44, 12, 71,  49, 43, 39,  43,  32,  11,  19,  13,  46,  6,  4, 79, 61],
[49, 63, 13, 92, 75, 82, 55,  32, 33,  8, 32, 88,  89, 48,  6,  37,  71,  18,  70,  15,  79, 77, 71, 90, 22],
[66, 35, 63, 75,  6, 63,  1,  74, 83,  7, 40, 83,  45, 89, 15,  64,  29,  80,  25,  49,   2, 13, 11, 69, 58],
[43, 51, 59, 82, 63, 25, 20,  20, 69, 50, 29, 22,  45, 71, 61,  91,   5,  56,  89,  96,  15, 91, 77, 74, 33],
[76, 77,  3, 55,  1, 20, 36,  91, 76,  2, 30,  7,   9, 32, 96,   8,  17,  55,  57,  39,   7, 38, 72, 37, 64],
[ 5, 59, 78, 32, 74, 20, 91,   9, 46, 78, 36,  6,  32, 65, 40, 100,  20,  45,  62,   2,  31, 94, 68, 21, 39],
[87,  2, 33, 33, 83, 69, 76,  46, 19, 32, 26, 94,  51, 35,  5,  12,  88,  64,  40,  77,   8, 43, 24, 18, 43],
[23, 81, 44,  8,  7, 50,  2,  78, 32, 50, 51, 19,  31, 35, 86,  66,  36,  30,   9,  75,  65, 43, 71, 72, 40],
[40, 38, 12, 32, 40, 29, 30,  36, 26, 51, 14, 46,  86, 86, 43,  20,  11,  81,  78,  83,  94, 14, 77, 57, 20],
[63, 15, 71, 88, 83, 22,  7,   6, 94, 19, 46, 16,  37, 92, 56,  14,  53,  46,  23,   5,  16, 21, 81, 34, 26],
[41, 20, 49, 89, 45, 45,  9,  32, 51, 31, 86, 37,  61, 36, 98,  11,  19,  89,  52, 100,   5, 16, 80, 22,  9],
[91, 36, 43, 48, 89, 71, 32,  65, 35, 35, 86, 92,  36, 46, 47,  31,  92,  79,  78,  80,  54, 25, 82, 10, 18],
[26, 62, 39,  6, 15, 61, 96,  40,  5, 86, 43, 56,  98, 47,  8,  11,  42,  38,  78,  45,  34, 90, 83, 57, 16],
[82,  1, 43, 37, 64, 91,  8, 100, 12, 66, 20, 14,  11, 31, 11,   6,  54,  13,  29,  22,  23, 96, 77,  1, 14],
[30, 17, 32, 71, 29,  5, 17,  20, 88, 36, 11, 53,  19, 92, 42,  54,  34, 100,  28,  19,  86, 99, 38, 27, 93],
[70, 40, 11, 18, 80, 56, 55,  45, 64, 30, 81, 46,  89, 79, 38,  13, 100,  88,  61,   2,  56, 46, 62, 77, 86],
[87, 60, 19, 70, 25, 89, 57,  62, 40,  9, 78, 23,  52, 78, 78,  29,  28,  61,   8,  35, 100, 66, 36, 98, 89],
[34, 86, 13, 15, 49, 96, 39,   2, 77, 75, 83,  5, 100, 80, 45,  22,  19,   2,  35,  18,  17, 82, 99, 90, 10],
[68, 28, 46, 79,  2, 15,  7,  31,  8, 65, 94, 16,   5, 54, 34,  23,  86,  56, 100,  17,  72, 61, 25, 81, 88],
[94, 75,  6, 77, 13, 91, 38,  94, 43, 43, 14, 21,  16, 25, 90,  96,  99,  46,  66,  82,  61, 24, 15, 89, 46],
[97, 86,  4, 71, 11, 77, 72,  68, 24, 71, 77, 81,  80, 82, 83,  77,  38,  62,  36,  99,  25, 15, 89, 39, 51],
[94, 92, 79, 90, 69, 74, 37,  21, 18, 72, 57, 34,  22, 10, 57,   1,  27,  77,  98,  90,  81, 89, 39, 79, 64],
[65,  9, 61, 22, 58, 33, 64,  39, 43, 40, 20, 26,   9, 18, 16,  14,  93,  86,  89,  10,  88, 46, 51, 64, 22]
]

GT_30 = [
 [6,  87,  73,  88,  68, 30, 84, 42, 39,  2, 96, 28,  93, 25, 73, 94, 39,   1, 76, 63, 66, 76,  18, 30,  38,  11,  44, 71,  63, 90],
[87,  41,  84, 100,  13, 94, 21, 19, 36, 60, 59, 93,  32, 15, 51, 68, 87,  25,  4,  4, 42, 41,  87, 45,   1,  48,  39,  5,  45, 58],
[73,  84,  75,  79, 100, 77,  2, 12, 45, 39, 23, 92,  15,  2, 99, 36, 49,  25, 57, 51, 18, 98,  28, 62,  63,  45,  68,  8,  63,  4],
[88, 100,  79,  71,  45, 76, 10, 28, 65, 63, 16, 19,  70, 77,  4, 32,  1,  92, 21, 86, 69, 74,  63, 68,  80,  60,   9, 38,  97, 67],
[68,  13, 100,  45,  13, 58, 92, 67, 67, 11, 61, 73,  44, 78, 49, 90, 53,  83, 63,  1, 31, 77,  46, 57,  77,  97,  54, 26,  78, 27],
[30,  94,  77,  76,  58, 94, 17, 37, 13, 57, 16, 26,  49, 37,  3, 69, 58,  10, 36, 81, 17, 98,  32, 87,  67,  19,  12, 35,  54, 12],
[84,  21,   2,  10,  92, 17, 35,  5,  4, 59, 65, 76,  50, 63, 35, 83, 65,  32,  6, 90, 45,  6,  91, 89,  13,  39,   7, 70,   5, 47],
[42,  19,  12,  28,  67, 37,  5, 30, 28, 72, 24, 48,  64, 43, 41, 19, 87,  19, 66, 51, 87, 93,  68, 88,  76,  16,  49, 64,  27, 40],
[39,  36,  45,  65,  67, 13,  4, 28, 44, 98, 39, 90,  52,  8, 83, 80, 26,  23, 54, 79, 90, 80,  49, 80,  65,  91,  31, 28,  11, 13],
[ 2,  60,  39,  63,  11, 57, 59, 72, 98,  8, 57, 38,  39, 17, 64, 95, 63,  69, 81, 57, 89, 98,  48, 44,  15,  69,  53, 95,  36, 46],
[96,  59,  23,  16,  61, 16, 65, 24, 39, 57, 10, 97,  70, 52, 16,  3, 21,   6,  4, 29, 47, 57,  74, 15,  47,  10,  65, 58,  88, 12],
[28,  93,  92,  19,  73, 26, 76, 48, 90, 38, 97, 82,  93, 55, 16, 39, 55,  34, 38, 47, 98, 82,  73, 30,  36,  95,  40, 86,  27, 84],
[93,  32,  15,  70,  44, 49, 50, 64, 52, 39, 70, 93,  78, 74, 76, 13, 27, 100, 57, 53, 92, 12,  71, 29,  33, 100,  94, 92,  91, 93],
[25,  15,   2,  77,  78, 37, 63, 43,  8, 17, 52, 55,  74,  3,  8, 74, 66,   5, 49, 41, 91, 63,  92, 17,  37,  90,  15, 27,  38, 13],
[73,  51,  99,   4,  49,  3, 35, 41, 83, 64, 16, 16,  76,  8, 40, 92, 10,  89, 36, 95, 15,  5,  58, 60,  11,  38,  69, 65,  22, 38],
[94,  68,  36,  32,  90, 69, 83, 19, 80, 95,  3, 39,  13, 74, 92,  8, 91,  98, 37, 43, 44, 43,  96, 59,  72,  90,  17,  2,  24, 45],
[39,  87,  49,   1,  53, 58, 65, 87, 26, 63, 21, 55,  27, 66, 10, 91, 96,  76,  6,  5, 26,  7,  44, 33,   2,  36,  77, 26,  85, 81],
[ 1,  25,  25,  92,  83, 10, 32, 19, 23, 69,  6, 34, 100,  5, 89, 98, 76,  26, 88, 62, 45, 46,  12, 22,  66,  61,  26, 16,   3, 12],
[76,   4,  57,  21,  63, 36,  6, 66, 54, 81,  4, 38,  57, 49, 36, 37,  6,  88, 83, 77, 19, 37,   7, 82,  82,  14,  16, 75,   4, 14],
[63,   4,  51,  86,   1, 81, 90, 51, 79, 57, 29, 47,  53, 41, 95, 43,  5,  62, 77, 13, 68, 44,  25, 44,  61,  97,  14,  5,  39, 98],
[66,  42,  18,  69,  31, 17, 45, 87, 90, 89, 47, 98,  92, 91, 15, 44, 26,  45, 19, 68,  3,  3,  11,  7,  79,  17,   4, 28,  48, 32],
[76,  41,  98,  74,  77, 98,  6, 93, 80, 98, 57, 82,  12, 63,  5, 43,  7,  46, 37, 44,  3, 47,   1, 30,  55,   8,  42, 33,  17, 92],
[18,  87,  28,  63,  46, 32, 91, 68, 49, 48, 74, 73,  71, 92, 58, 96, 44,  12,  7, 25, 11,  1,  45, 35,  70,  26,  79, 90, 100, 94],
[30,  45,  62,  68,  57, 87, 89, 88, 80, 44, 15, 30,  29, 17, 60, 59, 33,  22, 82, 44,  7, 30,  35, 66,  65,  20,  73, 76,  43, 89],
[38,   1,  63,  80,  77, 67, 13, 76, 65, 15, 47, 36,  33, 37, 11, 72,  2,  66, 82, 61, 79, 55,  70, 65,  63,  41, 100, 89,  78, 13],
[11,  48,  45,  60,  97, 19, 39, 16, 91, 69, 10, 95, 100, 90, 38, 90, 36,  61, 14, 97, 17,  8,  26, 20,  41,  50,  12, 45,  19, 31],
[44,  39,  68,   9,  54, 12,  7, 49, 31, 53, 65, 40,  94, 15, 69, 17, 77,  26, 16, 14,  4, 42,  79, 73, 100,  12,  21, 44,  63, 80],
[71,   5,   8,  38,  26, 35, 70, 64, 28, 95, 58, 86,  92, 27, 65,  2, 26,  16, 75,  5, 28, 33,  90, 76,  89,  45,  44, 94,  24, 52],
[63,  45,  63,  97,  78, 54,  5, 27, 11, 36, 88, 27,  91, 38, 22, 24, 85,   3,  4, 39, 48, 17, 100, 43,  78,  19,  63, 24,   1, 50],
[90,  58,   4,  67,  27, 12, 47, 40, 13, 46, 12, 84,  93, 13, 38, 45, 81,  12, 14, 98, 32, 92,  94, 89,  13,  31,  80, 52,  50, 53]
]

GT_35 = [
 [90,  76,  75,  26,  21, 68,  78,  51,  25, 75, 91, 96, 96,  60, 97,  74,  66, 63, 73, 48, 82, 100,  10, 44, 67, 80, 35,  5,  2, 83,  5, 64,   9, 66, 89],
 [76,  66,  51,  29, 100, 65,  98,  13,  96, 91, 22, 72, 85,  54, 63,  11,   8, 28, 38, 84, 92,  54,  50, 77, 58, 74, 60, 84, 59, 79, 41, 74,  45, 22, 37],
 [75,  51,   4,  48,  68, 53, 100,  58,   8, 91,  2, 97, 82,  81, 38,  49,  74, 54, 19, 34, 75,  76,   4, 67, 12, 97, 50, 89, 80, 42, 58, 48,  32, 24,  7],
 [26,  29,  48,  21,  55, 84,  71,  29,  63, 12, 10,  3, 55,  21, 82,  72,  35, 27, 93, 98, 48,  71, 100, 61, 65, 21, 94,  4,  3, 92, 12, 46,  49, 17, 93],
 [21, 100,  68,  55,  55, 21,  45,   6,  86, 14, 89, 88, 12,  80, 47,  46,  79, 24, 60, 47, 29,  42,  34, 55, 50, 87, 83, 86, 90,  2, 87, 35,  57, 52, 24],
 [68,  65,  53,  84,  21, 83,  55,  93,  26, 19, 89, 55, 21,  91, 44,  18,  37, 86, 61, 12, 71,  79,  97, 35, 33, 74, 15,  8, 66, 19,  1, 55,  69,  7,  4],
 [78,  98, 100,  71,  45, 55,  64,   9,  14, 35, 82, 22, 72,  65, 39,  41,  99, 50, 47, 64, 85,  96,  14, 13, 55, 76, 26, 26, 67,  6,  3, 98,  36,  8, 74],
 [51,  13,  58,  29,   6, 93,   9,  57,  58, 87,  8,  7,  3,  42, 77,  89,  26, 61, 79,  6, 32,   3,  30, 83, 19, 65,  9, 94, 37, 83, 42, 50, 100, 90, 86],
 [25,  96,   8,  63,  86, 26,  14,  58,  22,  8, 72, 28, 72, 100, 67,  90,  33, 66, 42, 51, 64,  24,  60, 60, 58, 57, 53, 95, 36, 27, 40, 35,  26, 33, 83],
 [75,  91,  91,  12,  14, 19,  35,  87,   8, 84, 71,  3, 64,  73, 59,  67,  56, 63, 11, 85, 72,  90,   6,  4, 95, 33, 30, 37, 74, 21, 26, 88,  47, 68, 10],
 [91,  22,   2,  10,  89, 89,  82,   8,  72, 71, 19, 58, 27,  87, 37,   8,  41,  8,  3, 41, 79,  54,  52, 42, 76, 92, 97, 14, 71, 96, 16, 97,  71, 33, 82],
 [96,  72,  97,   3,  88, 55,  22,   7,  28,  3, 58, 71, 93,   6, 58,  86,  44, 47,  3, 74, 33,  97,  68, 82, 30, 22, 52, 15, 83, 97, 62, 13,  57, 84, 86],
 [96,  85,  82,  55,  12, 21,  72,   3,  72, 64, 27, 93,  7,  75, 38,  71,  76, 63, 69, 98, 50,  14,  82,  7, 52, 13,  8, 45,  2, 42, 72, 22,  75, 57, 46],
 [60,  54,  81,  21,  80, 91,  65,  42, 100, 73, 87,  6, 75,   7, 35,   9,   8, 19, 28, 84, 54,  80,  30, 88, 39, 16, 89, 72, 73, 39, 48, 82, 100, 68, 72],
 [97,  63,  38,  82,  47, 44,  39,  77,  67, 59, 37, 58, 38,  35, 86,  68,  39, 38,  4, 31, 17,   9,  35,  5, 15, 26, 77, 26,  7, 89, 47, 91,   5, 50, 39],
 [74,  11,  49,  72,  46, 18,  41,  89,  90, 67,  8, 86, 71,   9, 68,  64, 100, 75, 79, 71,  6,  10,  39, 38, 95, 53, 18, 21, 85, 63,  9, 22,  20,  8, 53],
 [66,   8,  74,  35,  79, 37,  99,  26,  33, 56, 41, 44, 76,   8, 39, 100,  19, 90, 68, 20, 25,  65,  93, 81, 81, 97, 28, 66, 22, 65, 24, 60,  35, 89, 21],
 [63,  28,  54,  27,  24, 86,  50,  61,  66, 63,  8, 47, 63,  19, 38,  75,  90, 89, 25, 76, 48,  53,  59, 92, 13, 52, 73, 13,  9, 89, 78, 36,  55, 59, 89],
 [73,  38,  19,  93,  60, 61,  47,  79,  42, 11,  3,  3, 69,  28,  4,  79,  68, 25, 96, 52, 69,  35,  42, 60, 79, 50, 41, 47, 20,  8, 71, 55,  19, 73, 24],
 [48,  84,  34,  98,  47, 12,  64,   6,  51, 85, 41, 74, 98,  84, 31,  71,  20, 76, 52, 11, 13,  18,  90, 83, 56, 30,  8, 79, 81,  6, 86, 38,  41,  1, 54],
 [82,  92,  75,  48,  29, 71,  85,  32,  64, 72, 79, 33, 50,  54, 17,   6,  25, 48, 69, 13, 95,  36,  59,  4, 83, 63,  3, 31, 70, 75, 98, 80,  89, 78, 18],
[100,  54,  76,  71,  42, 79,  96,   3,  24, 90, 54, 97, 14,  80,  9,  10,  65, 53, 35, 18, 36,  68,  84, 16, 60, 29, 49, 18, 42, 39, 45,  2,   4,  6, 88],
[ 10,  50,   4, 100,  34, 97,  14,  30,  60,  6, 52, 68, 82,  30, 35,  39,  93, 59, 42, 90, 59,  84,  55,  2, 22, 10, 36, 77, 39, 49, 19, 98,  72, 96, 24],
[ 44,  77,  67,  61,  55, 35,  13,  83,  60,  4, 42, 82,  7,  88,  5,  38,  81, 92, 60, 83,  4,  16,   2, 17, 74, 52, 49, 94, 88, 53, 78, 33,  18, 34, 45],
[ 67,  58,  12,  65,  50, 33,  55,  19,  58, 95, 76, 30, 52,  39, 15,  95,  81, 13, 79, 56, 83,  60,  22, 74, 17, 62, 36, 29, 79, 79, 27,  4,  98, 12, 55],
[ 80,  74,  97,  21,  87, 74,  76,  65,  57, 33, 92, 22, 13,  16, 26,  53,  97, 52, 50, 30, 63,  29,  10, 52, 62, 45,  4, 67, 21, 31, 84, 80,  15, 87, 45],
[ 35,  60,  50,  94,  83, 15,  26,   9,  53, 30, 97, 52,  8,  89, 77,  18,  28, 73, 41,  8,  3,  49,  36, 49, 36,  4, 28, 37, 27, 66, 57, 87,  60, 91, 59],
[  5,  84,  89,   4,  86,  8,  26,  94,  95, 37, 14, 15, 45,  72, 26,  21,  66, 13, 47, 79, 31,  18,  77, 94, 29, 67, 37, 44, 13, 90, 98, 27,  88, 27, 54],
[  2,  59,  80,   3,  90, 66,  67,  37,  36, 74, 71, 83,  2,  73,  7,  85,  22,  9, 20, 81, 70,  42,  39, 88, 79, 21, 27, 13,  4, 92, 90, 63,  25, 69, 13],
[ 83,  79,  42,  92,   2, 19,   6,  83,  27, 21, 96, 97, 42,  39, 89,  63,  65, 89,  8,  6, 75,  39,  49, 53, 79, 31, 66, 90, 92, 31, 70, 21,  16, 32, 26],
[  5,  41,  58,  12,  87,  1,   3,  42,  40, 26, 16, 62, 72,  48, 47,   9,  24, 78, 71, 86, 98,  45,  19, 78, 27, 84, 57, 98, 90, 70, 23, 24,  90, 28,  1],
[ 64,  74,  48,  46,  35, 55,  98,  50,  35, 88, 97, 13, 22,  82, 91,  22,  60, 36, 55, 38, 80,   2,  98, 33,  4, 80, 87, 27, 63, 21, 24, 17,  56, 23, 34],
[  9,  45,  32,  49,  57, 69,  36, 100,  26, 47, 71, 57, 75, 100,  5,  20,  35, 55, 19, 41, 89,   4,  72, 18, 98, 15, 60, 88, 25, 16, 90, 56,  96, 25, 95],
[ 66,  22,  24,  17,  52,  7,   8,  90,  33, 68, 33, 84, 57,  68, 50,   8,  89, 59, 73,  1, 78,   6,  96, 34, 12, 87, 91, 27, 69, 32, 28, 23,  25, 75, 60],
[ 89,  37,   7,  93,  24,  4,  74,  86,  83, 10, 82, 86, 46,  72, 39,  53,  21, 89, 24, 54, 18,  88,  24, 45, 55, 45, 59, 54, 13, 26,  1, 34,  95, 60, 15]
]

GT_40 = [
 [15,  81,  1,  94,  47,  81, 41, 59, 84, 51,  3, 39, 67, 74, 71, 59, 100,  15, 71, 43, 61, 19,  2,  28, 78,  42, 34, 68, 82, 58,  69,  78, 71, 18, 99,  81, 18, 69, 85, 35],
 [81,  47, 12,   7,  44, 100, 72,  9, 48, 62, 84, 43, 75, 58, 55, 15,  73,  49, 35,  1, 60, 18, 60,  96, 89,  56,  2,  1, 65, 45,  35,   9,  5, 39, 97,  83, 59, 61, 21, 19],
 [ 1,  12,  7,  33,  90,  83, 91, 11, 98, 61, 18, 49, 52, 64,  4, 43,  52,  86, 56, 36, 44,  7, 40,  64, 37,   6, 91, 45, 36, 72,  14,  28, 33, 24, 23,  49, 25, 53, 96, 27],
 [94,   7, 33,   8,   5,  46, 92, 95, 47, 51, 21, 55, 31, 94, 50, 97,  94,  31, 38, 89, 96, 58, 90,  93, 96,  33, 87, 13, 42, 14,  45, 100,  6, 51, 50,  90, 10, 11, 23, 27],
 [47,  44, 90,   5,  83,  18, 26, 66, 66, 70, 50, 76, 97, 41, 61, 93,  59,   1, 72, 12, 97, 75, 37,  28, 56,  36, 67, 62, 38, 57, 100,  61, 78, 78, 88,  49, 47, 86, 79, 68],
 [81, 100, 83,  46,  18,  11, 15, 82, 89, 55, 90, 98, 76, 25, 84, 41,  92,   5, 98, 60, 28, 37, 56,  82, 45,  51, 55, 68, 49, 89,  51,  50, 15, 68, 62,  86, 35,  3, 90, 45],
 [41,  72, 91,  92,  26,  15, 94, 57, 30, 93, 26, 88, 19, 12, 38,  7,  69,  16, 54, 13,  4, 53, 37,   2, 80,  48, 75, 98, 83, 77,  67,  80, 43, 43, 41,  61, 51, 33, 64, 71],
 [59,   9, 11,  95,  66,  82, 57, 69, 82, 50, 65, 85, 57, 32, 49, 13,  85,  76, 84, 10, 81, 83, 81,   7, 52,  16, 82, 93, 47, 65,  75,  55, 78, 58, 69,  43, 84, 74,  6, 82],
 [84,  48, 98,  47,  66,  89, 30, 82, 88, 41, 45, 85, 58,  7, 13, 99,  83,  66, 49, 83, 28, 65, 77,  69, 53,  75, 50, 84, 35, 32,  17,  42, 74, 64, 25,  15, 61, 51, 92, 70],
 [51,  62, 61,  51,  70,  55, 93, 50, 41, 30, 23, 66,  5, 10, 10, 87,  86,  32, 62, 22, 20, 83, 49,   8, 29,  91, 70, 90,  7, 14,  44,  41, 26, 83, 68,  61, 41,  2, 70, 56],
 [ 3,  84, 18,  21,  50,  90, 26, 65, 45, 23, 78, 28, 70, 55, 58, 52,  29,  18, 43, 99, 84, 46,  1,  89, 21,  72, 72, 55, 90,  6,  10,  95,  3, 91, 20,  10, 33,  2, 68, 67],
 [39,  43, 49,  55,  76,  98, 88, 85, 85, 66, 28, 11, 81, 58, 55, 21,  70,   1, 87, 97, 50, 28,  2,  91, 11,  46, 91, 99, 43, 28,  84,  16, 74, 90,  9,  83, 29, 73, 11,  9],
 [67,  75, 52,  31,  97,  76, 19, 57, 58,  5, 70, 81,  2, 27, 45,  9,  38,   3, 38, 96, 15, 93, 24,  84,  2,  73,  3, 20, 28, 61,   6,  73, 36, 20, 58,  45, 82, 97, 97, 42],
 [74,  58, 64,  94,  41,  25, 12, 32,  7, 10, 55, 58, 27, 80, 17, 31,  55,  58, 78, 14, 78, 78, 37,  30, 61,  31, 61, 69, 98, 68,  74,  95, 11, 91, 30,  70, 82,  1, 11, 57],
 [71,  55,  4,  50,  61,  84, 38, 49, 13, 10, 58, 55, 45, 17, 52, 58,  92,  30, 88, 93, 81, 37, 39,  90, 39,  96, 38, 78, 42, 40,  97,  95, 12, 97, 89,  13, 28, 65, 37, 94],
 [59,  15, 43,  97,  93,  41,  7, 13, 99, 87, 52, 21,  9, 31, 58, 20,   2,   4, 34, 99,  8, 39, 90,   2, 62,  29, 55, 80, 87, 59,  94,   9, 19, 36, 30,  37, 13, 49, 86, 75],
[100,  73, 52,  94,  59,  92, 69, 85, 83, 86, 29, 70, 38, 55, 92,  2,  82,  55, 60, 70, 55, 10, 78,  65, 63,  89, 36, 40, 77, 74,  75,  31, 58, 69,  8,  63, 21, 78,  3, 47],
[ 15,  49, 86,  31,   1,   5, 16, 76, 66, 32, 18,  1,  3, 58, 30,  4,  55,  96, 31, 59,  6, 41, 94,  57, 68, 100, 80, 95, 11, 35,  40,  58, 80, 86, 86,  77, 29, 71, 86, 30],
[ 71,  35, 56,  38,  72,  98, 54, 84, 49, 62, 43, 87, 38, 78, 88, 34,  60,  31, 35, 13, 40, 67, 88,  64, 50,  49, 31,  9, 56, 68,  34,  58, 89, 33, 57,  89,  1, 48, 48, 17],
[ 43,   1, 36,  89,  12,  60, 13, 10, 83, 22, 99, 97, 96, 14, 93, 99,  70,  59, 13, 23, 15, 64, 82,  25, 26,  67, 94, 56,  6, 27,  17,  58, 47, 16,  2,  66, 48, 49, 79, 51],
 [61,  60, 44,  96,  97,  28,  4, 81, 28, 20, 84, 50, 15, 78, 81,  8,  55,   6, 40, 15, 80,  5, 82,  37, 15,  24, 49, 35, 14, 74,  81,  56, 64, 57, 45,  15, 94, 93, 98, 67],
 [19,  18,  7,  58,  75,  37, 53, 83, 65, 83, 46, 28, 93, 78, 37, 39,  10,  41, 67, 64,  5, 54, 31,  33, 99,  78, 95, 11, 76, 74,  87,  72, 13, 27, 66,  33, 33, 44, 54, 53],
 [ 2,  60, 40,  90,  37,  56, 37, 81, 77, 49,  1,  2, 24, 37, 39, 90,  78,  94, 88, 82, 82, 31, 43,  61,  3,  96,  3, 81, 53, 20,  82,  85, 45, 19, 33,  38,  6, 37,  4, 10],
 [28,  96, 64,  93,  28,  82,  2,  7, 69,  8, 89, 91, 84, 30, 90,  2,  65,  57, 64, 25, 37, 33, 61,  46, 13,   1, 61, 66,  5, 17,  83,  22, 24, 39, 55, 100, 43,  5, 82,  8],
 [78,  89, 37,  96,  56,  45, 80, 52, 53, 29, 21, 11,  2, 61, 39, 62,  63,  68, 50, 26, 15, 99,  3,  13, 85,  47, 89, 73, 14, 53,  21,  53, 12, 26, 16,  23,  7, 52, 36, 82],
 [42,  56,  6,  33,  36,  51, 48, 16, 75, 91, 72, 46, 73, 31, 96, 29,  89, 100, 49, 67, 24, 78, 96,   1, 47,  79, 32, 11, 28, 78,  75,  13, 52, 65, 79, 100, 80, 80,  8,  5],
 [34,   2, 91,  87,  67,  55, 75, 82, 50, 70, 72, 91,  3, 61, 38, 55,  36,  80, 31, 94, 49, 95,  3,  61, 89,  32, 32,  1, 30, 41,  10,  64,  3, 33,  2,  15, 46, 24, 43, 73],
 [68,   1, 45,  13,  62,  68, 98, 93, 84, 90, 55, 99, 20, 69, 78, 80,  40,  95,  9, 56, 35, 11, 81,  66, 73,  11,  1, 66,  5, 78,   5,   5, 67, 95, 99,   9, 16, 65, 79, 25],
 [82,  65, 36,  42,  38,  49, 83, 47, 35,  7, 90, 43, 28, 98, 42, 87,  77,  11, 56,  6, 14, 76, 53,   5, 14,  28, 30,  5, 20,  6,  77,  23, 81, 61, 40,  16, 20, 40, 94, 33],
 [58,  45, 72,  14,  57,  89, 77, 65, 32, 14,  6, 28, 61, 68, 40, 59,  74,  35, 68, 27, 74, 74, 20,  17, 53,  78, 41, 78,  6, 28,  89,  87, 79, 88, 84,  67, 87,  1, 97,  3],
 [69,  35, 14,  45, 100,  51, 67, 75, 17, 44, 10, 84,  6, 74, 97, 94,  75,  40, 34, 17, 81, 87, 82,  83, 21,  75, 10,  5, 77, 89, 100,   1, 32, 33, 60,  79, 11, 26, 63, 68],
 [78,   9, 28, 100,  61,  50, 80, 55, 42, 41, 95, 16, 73, 95, 95,  9,  31,  58, 58, 58, 56, 72, 85,  22, 53,  13, 64,  5, 23, 87,   1,  90,  9, 16, 50,  31, 19, 10, 20, 37],
 [71,   5, 33,   6,  78,  15, 43, 78, 74, 26,  3, 74, 36, 11, 12, 19,  58,  80, 89, 47, 64, 13, 45,  24, 12,  52,  3, 67, 81, 79,  32,   9, 16, 40, 51,  31, 76, 99, 79, 90],
 [18,  39, 24,  51,  78,  68, 43, 58, 64, 83, 91, 90, 20, 91, 97, 36,  69,  86, 33, 16, 57, 27, 19,  39, 26,  65, 33, 95, 61, 88,  33,  16, 40, 96, 53,  47, 36, 41, 53, 42],
 [99,  97, 23,  50,  88,  62, 41, 69, 25, 68, 20,  9, 58, 30, 89, 30,   8,  86, 57,  2, 45, 66, 33,  55, 16,  79,  2, 99, 40, 84,  60,  50, 51, 53,  3,  32, 59, 95, 24, 91],
 [81,  83, 49,  90,  49,  86, 61, 43, 15, 61, 10, 83, 45, 70, 13, 37,  63,  77, 89, 66, 15, 33, 38, 100, 23, 100, 15,  9, 16, 67,  79,  31, 31, 47, 32,  70,  6, 40, 63, 86],
 [18,  59, 25,  10,  47,  35, 51, 84, 61, 41, 33, 29, 82, 82, 28, 13,  21,  29,  1, 48, 94, 33,  6,  43,  7,  80, 46, 16, 20, 87,  11,  19, 76, 36, 59,   6, 50, 64, 51, 25],
 [69,  61, 53,  11,  86,   3, 33, 74, 51,  2,  2, 73, 97,  1, 65, 49,  78,  71, 48, 49, 93, 44, 37,   5, 52,  80, 24, 65, 40,  1,  26,  10, 99, 41, 95,  40, 64, 73, 25, 46],
 [85,  21, 96,  23,  79,  90, 64,  6, 92, 70, 68, 11, 97, 11, 37, 86,   3,  86, 48, 79, 98, 54,  4,  82, 36,   8, 43, 79, 94, 97,  63,  20, 79, 53, 24,  63, 51, 25,  7,  3],
 [35,  19, 27,  27,  68,  45, 71, 82, 70, 56, 67,  9, 42, 57, 94, 75,  47,  30, 17, 51, 67, 53, 10,   8, 82,   5, 73, 25, 33,  3,  68,  37, 90, 42, 91,  86, 25, 46,  3, 76]
]

GT_45 = [
[38, 29, 96, 94,  8,  97, 49,  67, 11, 37, 39, 10,  7,  24, 69,  33,  33,  19,  11,  22, 77,  53,  29, 94, 39, 21, 88, 26, 32,  12, 40,  97, 50,  4, 29, 64, 88,  62, 55, 96, 18,  76, 63,  48, 11],
[29, 70, 85,  6, 66,  80, 86,  55, 67, 44, 31, 72,  2,  34, 95,  52,  62,  82,  21,  26, 42,  20,  52, 39, 60, 85, 33, 69, 54,  22, 31,   9, 15, 71, 41, 53, 10,  14, 90, 35, 91,  84, 56,  54, 65],
[96, 85, 66, 33, 69,  29, 63,  79, 99, 20,  6, 49, 72,  23, 85,  74,  43,   7,  90,  15, 28,   3,  31, 63, 43,  7,  7, 73, 34,  38, 41,  81,  7, 98, 64,  8, 12,  82, 16, 21, 47,  50, 60,  12, 74],
[94,  6, 33, 81, 67,  25, 38,  28, 79, 63, 27, 54, 48,  37, 14,  90,  72,  45,  85,  68, 24,  73,  58, 35, 34, 11, 35, 86, 72,  50, 35,  52, 58, 26, 40, 13, 94,  89, 40, 13, 84,  81, 48,  94, 16],
[ 8, 66, 69, 67, 32,  34, 65,  61, 28, 68, 87, 75, 67,  73, 93,  12,  63,  91,  77,  12, 35,  27,  44, 74, 63, 63, 64, 66, 27,  22, 45,  82, 38, 11,  5, 95, 69,  83, 61, 13, 76,  28, 32,  67, 58],
[97, 80, 29, 25, 34,  99,  9,  53, 16, 15, 84, 25, 45,  25, 70,  10,   4,   7,   2,  51, 14,  17,  70, 20, 95, 20, 92, 59,  1,  10, 74,  94, 47, 33, 59, 56, 45,  63, 46, 12, 35,  47,  3, 100, 46],
[49, 86, 63, 38, 65,   9, 35,  99,  4, 92, 79, 38, 62,  61, 29,  97,  68,  98,  77,  28, 56,  42,  96,  2, 13, 18, 73, 37, 50,  14, 94,  36, 45, 62, 67, 36, 80,  46, 49, 87, 15,  20, 77,  62, 95],
[67, 55, 79, 28, 61,  53, 99,  50, 34, 92, 29, 44, 11, 100, 45,  22,  67,  22,   2,  77, 11,  54,  46, 76, 20, 59, 61, 30, 95,  80, 96,   2, 81, 65,  5, 86, 97,   6, 20, 19, 25,  23, 49,  42, 53],
[11, 67, 99, 79, 28,  16,  4,  34, 89, 61, 64, 67, 79,  30, 68,  91,  91,  90,   4,  99, 97,  40,  59, 59, 60, 26,  2, 25, 48,  34, 45,  83, 75, 90, 92, 90, 61,   6, 55, 86, 84,  53, 49,  24, 61],
[37, 44, 20, 63, 68,  15, 92,  92, 61, 18, 56,  7, 49,  21, 31,  28,  69,  44,  29,  90, 93,  10,  16, 32, 49, 92, 12, 84, 23,  71, 21,  59, 73, 64, 17, 58, 75,  52, 18, 77, 66,  10, 37,  33, 73],
[39, 31,  6, 27, 87,  84, 79,  29, 64, 56, 95, 41, 68,  65, 91,  81,  99,  28,  23,   5, 37,  46,   3, 92, 16,  9, 45, 52, 38,  47, 94,  99, 61, 35, 49,  6, 43,  55, 95, 51, 90,  16, 33,  88, 52],
[10, 72, 49, 54, 75,  25, 38,  44, 67,  7, 41, 53, 83,  26, 86,  44,  36,  97,  39,  50, 61,  88,  83, 31, 79, 95, 35, 25, 14,  77, 64,  44, 71, 55, 30, 96, 73,  82, 33, 73, 36,  38, 52,  77, 91],
[ 7,  2, 72, 48, 67,  45, 62,  11, 79, 49, 68, 83,  2,  40,  6,  42,  88,  81,   4,  49, 71,  46,  33, 84, 22, 26, 69, 50, 55,  17,  8,  10, 42, 64, 60,  7, 29,  24, 18,  9, 39,  98,  8,  11, 71],
[24, 34, 23, 37, 73,  25, 61, 100, 30, 21, 65, 26, 40,  87, 46,  71,  57,  93,  73,  68, 79,  82,  52, 97, 38,  6, 22, 94, 28,  35, 24,  98, 57,  7, 16, 89, 85,  80, 37, 66, 90,  84, 95,  21, 81],
[69, 95, 85, 14, 93,  70, 29,  45, 68, 31, 91, 86,  6,  46, 32,  96,   5,  54,  70,  31, 35,   7,  52, 99, 31, 12, 71, 67, 13,  15, 32,  52, 16,  2, 15, 40, 60,  54, 73, 35, 28,   3, 10,  41, 75],
[33, 52, 74, 90, 12,  10, 97,  22, 91, 28, 81, 44, 42,  71, 96,  63,   8,  66,  93,  12, 60,  15,  17, 86, 36, 23, 82, 57,  3,  62, 72,  40, 44, 20,  9, 60, 28, 100, 73, 14, 74,  35, 28,  40, 91],
[33, 62, 43, 72, 63,   4, 68,  67, 91, 69, 99, 36, 88,  57,  5,   8,  61,  46,   7, 100, 88,  86,  62, 23, 93, 84, 82, 50, 90,  40, 11,  33, 40, 36, 92, 55, 62,  46, 13, 15, 73,  46, 23,  40, 76],
[19, 82,  7, 45, 91,   7, 98,  22, 90, 44, 28, 97, 81,  93, 54,  66,  46,  83,  55,  96, 59, 100,  20, 60, 86, 11,  8, 83, 48,  57, 73,  53, 97,  5, 41,  3, 73,  56, 23, 29, 11,  88, 14,  22,  6],
[11, 21, 90, 85, 77,   2, 77,   2,  4, 29, 23, 39,  4,  73, 70,  93,   7,  55,  83,  91, 59,  77,  39, 78, 81, 89, 88,  7, 69, 100, 44,  25, 58, 44, 65, 68, 37,  37, 21, 76, 93,  40, 97,   9, 64],
[22, 26, 15, 68, 12,  51, 28,  77, 99, 90,  5, 50, 49,  68, 31,  12, 100,  96,  91,  23, 35,  90,  39, 20, 97, 89, 39, 46,  9,  45, 68,  96, 67,  8,  2, 36, 55,  44, 75, 43, 58,  33, 96,  49, 80],
[77, 42, 28, 24, 35,  14, 56,  11, 97, 93, 37, 61, 71,  79, 35,  60,  88,  59,  59,  35, 65,  88,  62, 90, 23, 93, 36, 86,  4,  50, 41,  91,  4, 70,  4, 57, 71,  63,  2, 75, 39,  98, 39,  18, 50],
[53, 20,  3, 73, 27,  17, 42,  54, 40, 10, 46, 88, 46,  82,  7,  15,  86, 100,  77,  90, 88,  38,  60,  7, 24, 38, 83, 50, 28,  69, 10,  51, 95, 27, 12, 82, 34,  38, 18, 89, 17,  55, 62,  64, 52],
[29, 52, 31, 58, 44,  70, 96,  46, 59, 16,  3, 83, 33,  52, 52,  17,  62,  20,  39,  39, 62,  60, 100,  5, 19, 13, 73, 39, 82,  96, 12,  61, 95, 72, 15, 72,  1,  67, 49, 31,  3,  80, 32,  68, 63],
[94, 39, 63, 35, 74,  20,  2,  76, 59, 32, 92, 31, 84,  97, 99,  86,  23,  60,  78,  20, 90,   7,   5, 44, 32, 94, 68, 25, 62,  54, 89,  93,  1, 23, 35, 21,  7,  45, 19,  6, 93,  58, 98,  85, 53],
[39, 60, 43, 34, 63,  95, 13,  20, 60, 49, 16, 79, 22,  38, 31,  36,  93,  86,  81,  97, 23,  24,  19, 32, 83, 86, 80, 28, 23,  26,  6,   8, 31,  1, 38, 65, 66,  60, 14, 96, 72,  43,  8,  43, 82],
[21, 85,  7, 11, 63,  20, 18,  59, 26, 92,  9, 95, 26,   6, 12,  23,  84,  11,  89,  89, 93,  38,  13, 94, 86, 55, 87, 77, 74,  88, 51,   1, 27, 86, 51, 45, 15,   5, 34, 64, 60,  57, 81,  63, 66],
[88, 33,  7, 35, 64,  92, 73,  61,  2, 12, 45, 35, 69,  22, 71,  82,  82,   8,  88,  39, 36,  83,  73, 68, 80, 87, 33, 57, 88,  59, 88,  59, 87, 30, 76, 12,  9,  27, 44, 46, 98,  32, 56,  50, 24],
[26, 69, 73, 86, 66,  59, 37,  30, 25, 84, 52, 25, 50,  94, 67,  57,  50,  83,   7,  46, 86,  50,  39, 25, 28, 77, 57, 15, 43,  75, 35,  61,  3, 56, 74, 21, 18,  87, 69, 17, 88,  85, 61,  78, 93],
[32, 54, 34, 72, 27,   1, 50,  95, 48, 23, 38, 14, 55,  28, 13,   3,  90,  48,  69,   9,  4,  28,  82, 62, 23, 74, 88, 43, 66,  29, 58,  37, 74, 49, 64, 94, 54,  36, 95,  7, 58,  37, 86,  96, 56],
[12, 22, 38, 50, 22,  10, 14,  80, 34, 71, 47, 77, 17,  35, 15,  62,  40,  57, 100,  45, 50,  69,  96, 54, 26, 88, 59, 75, 29,  94, 96,  38, 40, 94, 81, 32, 96,  45, 87,  9, 49,  50, 93,  56, 67],
[40, 31, 41, 35, 45,  74, 94,  96, 45, 21, 94, 64,  8,  24, 32,  72,  11,  73,  44,  68, 41,  10,  12, 89,  6, 51, 88, 35, 58,  96, 93,  46, 33, 90, 61,  4, 82,  85, 44, 64, 78,  67, 76,  25, 33],
[97,  9, 81, 52, 82,  94, 36,   2, 83, 59, 99, 44, 10,  98, 52,  40,  33,  53,  25,  96, 91,  51,  61, 93,  8,  1, 59, 61, 37,  38, 46,  88, 30, 10, 35, 82, 48,  15, 54, 57, 14, 100,  8,  99, 54],
[50, 15,  7, 58, 38,  47, 45,  81, 75, 73, 61, 71, 42,  57, 16,  44,  40,  97,  58,  67,  4,  95,  95,  1, 31, 27, 87,  3, 74,  40, 33,  30, 32, 79, 97, 71, 59,  51, 93, 76,  4,  20, 46,  13, 39],
[ 4, 71, 98, 26, 11,  33, 62,  65, 90, 64, 35, 55, 64,   7,  2,  20,  36,   5,  44,   8, 70,  27,  72, 23,  1, 86, 30, 56, 49,  94, 90,  10, 79, 70, 81, 87, 54,  60, 48, 81,  2,  13, 95,  97, 19],
[29, 41, 64, 40,  5,  59, 67,   5, 92, 17, 49, 30, 60,  16, 15,   9,  92,  41,  65,   2,  4,  12,  15, 35, 38, 51, 76, 74, 64,  81, 61,  35, 97, 81, 45, 94, 84,  24, 41, 25, 82,  53, 31,   9, 67],
[64, 53,  8, 13, 95,  56, 36,  86, 90, 58,  6, 96,  7,  89, 40,  60,  55,   3,  68,  36, 57,  82,  72, 21, 65, 45, 12, 21, 94,  32,  4,  82, 71, 87, 94, 91, 50,  85, 60, 64,  4,   5, 91,   5, 60],
[88, 10, 12, 94, 69,  45, 80,  97, 61, 75, 43, 73, 29,  85, 60,  28,  62,  73,  37,  55, 71,  34,   1,  7, 66, 15,  9, 18, 54,  96, 82,  48, 59, 54, 84, 50, 40,  38, 68, 12, 44,  30, 48,  12,  3],
[62, 14, 82, 89, 83,  63, 46,   6,  6, 52, 55, 82, 24,  80, 54, 100,  46,  56,  37,  44, 63,  38,  67, 45, 60,  5, 27, 87, 36,  45, 85,  15, 51, 60, 24, 85, 38,  18, 64, 90, 11,  70, 33,  53, 94],
[55, 90, 16, 40, 61,  46, 49,  20, 55, 18, 95, 33, 18,  37, 73,  73,  13,  23,  21,  75,  2,  18,  49, 19, 14, 34, 44, 69, 95,  87, 44,  54, 93, 48, 41, 60, 68,  64, 42, 76,  2,  74,  5,  11, 66],
[96, 35, 21, 13, 13,  12, 87,  19, 86, 77, 51, 73,  9,  66, 35,  14,  15,  29,  76,  43, 75,  89,  31,  6, 96, 64, 46, 17,  7,   9, 64,  57, 76, 81, 25, 64, 12,  90, 76, 21, 69,  45, 66,  60, 81],
[18, 91, 47, 84, 76,  35, 15,  25, 84, 66, 90, 36, 39,  90, 28,  74,  73,  11,  93,  58, 39,  17,   3, 93, 72, 60, 98, 88, 58,  49, 78,  14,  4,  2, 82,  4, 44,  11,  2, 69, 58,  78, 98,  79, 23],
[76, 84, 50, 81, 28,  47, 20,  23, 53, 10, 16, 38, 98,  84,  3,  35,  46,  88,  40,  33, 98,  55,  80, 58, 43, 57, 32, 85, 37,  50, 67, 100, 20, 13, 53,  5, 30,  70, 74, 45, 78,  16, 66,  89, 86],
[63, 56, 60, 48, 32,   3, 77,  49, 49, 37, 33, 52,  8,  95, 10,  28,  23,  14,  97,  96, 39,  62,  32, 98,  8, 81, 56, 61, 86,  93, 76,   8, 46, 95, 31, 91, 48,  33,  5, 66, 98,  66, 44,  85, 10],
[48, 54, 12, 94, 67, 100, 62,  42, 24, 33, 88, 77, 11,  21, 41,  40,  40,  22,   9,  49, 18,  64,  68, 85, 43, 63, 50, 78, 96,  56, 25,  99, 13, 97,  9,  5, 12,  53, 11, 60, 79,  89, 85,  27,  6],
[11, 65, 74, 16, 58,  46, 95,  53, 61, 73, 52, 91, 71,  81, 75,  91,  76,   6,  64,  80, 50,  52,  63, 53, 82, 66, 24, 93, 56,  67, 33,  54, 39, 19, 67, 60,  3,  94, 66, 81, 23,  86, 10,   6,  5]
]

GT_50 = [
 [21 , 47 , 44 ,  2 ,  1 , 34 ,  9 , 55 ,  62 , 77 ,  99 , 28 ,  59 ,  21 ,  15 , 63 , 63 , 83 , 78 , 92 ,  45 ,  35 ,  25 , 18 ,  85 ,  9 ,  29 , 54 ,  2 , 34 ,  4 , 94 , 45 ,  33 , 40 , 85 , 17 , 99 , 65 ,  63 , 37 , 87 , 94 , 36 , 100 ,  41 , 94 , 32 , 100 ,  60],
 [47 , 97 , 83 , 11 ,  7 , 20 , 21 , 19 ,  75 , 27 ,  85 , 72 ,  24 ,  15 ,  25 , 71 , 44 ,  3 , 59 , 81 ,  82 ,  58 ,  13 , 78 ,   6 , 30 ,  95 , 32 , 77 , 18 , 94 , 79 , 26 ,  37 , 56 , 60 , 29 , 94 , 20 ,  26 , 68 , 79 , 25 , 88 ,   9 ,  19 , 97 , 72 ,  27 ,  73],
 [44 , 83 , 89 , 57 , 86 , 84 , 57 , 72 ,  12 , 85 ,  73 ,  2 ,  80 ,  37 ,  95 , 31 , 57 , 90 , 77 , 34 ,  42 ,  37 ,   9 , 51 ,  26 , 67 ,  97 , 71 , 86 , 20 , 59 , 82 , 78 ,  92 , 95 , 71 , 39 , 77 , 13 ,  85 , 70 , 33 , 78 , 61 ,  48 ,  50 , 10 , 20 ,  24 ,  55],
  [2 , 11 , 57 , 89 ,  7 , 55 , 89 , 88 ,  84 , 12 ,  31 ,  4 ,  96 ,  54 ,  86 , 32 , 13 , 31 , 91 , 68 ,  17 ,  43 ,   3 , 78 ,  53 , 66 ,  26 , 47 , 52 , 98 , 28 , 56 , 38 ,   9 , 91 , 56 , 68 ,  7 , 26 ,  89 , 90 , 21 , 15 , 88 ,  63 ,  48 , 50 , 88 ,  42 ,  84],
  [1 ,  7 , 86 ,  7 , 59 , 60 , 30 , 39 ,  19 , 80 ,  71 , 82 ,  98 ,  61 ,  90 ,  4 ,  5 , 39 , 63 , 64 ,  43 ,  81 ,  24 , 21 ,  66 , 73 ,   9 , 78 , 43 , 59 , 33 , 43 , 98 ,  81 , 12 , 80 ,  5 , 57 , 67 ,  40 , 99 , 47 , 61 , 30 ,  47 ,   4 , 89 , 72 ,  77 ,  76],
 [34 , 20 , 84 , 55 , 60 , 43 , 98 , 99 ,  29 , 43 ,  47 ,  6 ,  54 ,  35 ,  15 , 56 , 46 , 73 , 41 , 93 ,  16 ,   4 ,  43 , 55 ,  43 , 49 ,   9 ,  7 , 90 , 88 , 43 , 25 , 57 ,  36 , 10 , 53 , 48 , 11 , 95 ,  37 , 95 , 65 , 67 , 76 ,  74 ,  55 , 60 , 15 ,   9 ,  34],
  [9 , 21 , 57 , 89 , 30 , 98 , 33 , 14 ,  30 , 85 ,  22 , 76 ,  33 ,  21 ,  70 , 22 , 47 , 52 , 80 , 27 ,  11 ,  35 ,  28 , 10 ,  68 , 10 ,  73 , 22 , 67 , 26 , 75 , 69 , 93 ,  45 , 43 , 16 ,  5 , 52 , 24 ,  49 , 35 , 33 , 69 , 13 ,  53 ,  99 , 19 , 16 ,  82 ,  50],
 [55 , 19 , 72 , 88 , 39 , 99 , 14 , 30 ,  59 ,  3 ,   9 , 79 ,  83 ,  61 ,  82 , 43 , 59 , 15 , 63 ,  1 ,  62 ,  95 ,  75 , 78 ,  91 , 15 ,  34 , 30 , 30 , 57 ,  7 , 86 , 72 ,  72 , 27 , 88 , 88 ,  3 , 59 ,  75 , 60 , 49 , 19 , 73 ,  21 ,  66 , 72 , 96 ,  19 ,  12],
 [62 , 75 , 12 , 84 , 19 , 29 , 30 , 59 ,  61 , 75 ,   1 , 64 ,  14 ,  91 ,  67 , 93 , 68 , 53 , 31 , 82 ,  81 ,  24 ,  97 ,  7 ,  79 , 79 ,  38 ,  8 , 99 , 77 , 83 , 91 , 29 ,  21 , 67 , 82 , 69 , 88 , 60 ,  51 , 75 , 40 , 76 , 52 ,  31 ,  60 , 31 , 89 ,  13 , 100],
 [77 , 27 , 85 , 12 , 80 , 43 , 85 ,  3 ,  75 , 61 ,  99 , 58 ,  98 ,  21 ,  54 , 47 , 80 , 31 , 57 , 69 ,  64 ,  37 ,  66 , 63 ,  87 , 46 ,  23 , 60 , 82 , 31 , 82 , 43 , 50 ,   5 , 77 , 89 ,  1 , 16 , 55 ,  78 , 71 , 74 , 74 , 32 ,  20 ,  81 , 70 , 64 ,  19 ,  16],
 [99 , 85 , 73 , 31 , 71 , 47 , 22 ,  9 ,   1 , 99 ,  70 , 46 ,  65 ,  36 ,  89 , 20 , 34 , 71 ,  6 ,  5 ,  89 ,  80 ,   9 , 84 ,  24 , 58 ,  32 , 61 , 41 ,  3 , 80 , 39 , 88 ,  85 , 32 , 71 , 54 , 65 , 45 , 100 ,  1 , 71 , 38 , 75 ,  52 ,  82 , 12 , 43 ,  22 ,  64],
 [28 , 72 ,  2 ,  4 , 82 ,  6 , 76 , 79 ,  64 , 58 ,  46 , 37 ,  89 ,  16 ,  63 , 40 , 61 , 21 , 94 , 57 ,  21 ,  50 ,  10 , 34 ,  89 , 23 ,  29 , 14 , 35 ,  2 , 83 , 53 , 18 ,  15 , 89 , 82 , 54 , 44 , 67 ,  42 , 29 , 33 , 24 , 87 ,  70 ,  56 , 31 , 22 ,  18 ,  93],
 [59 , 24 , 80 , 96 , 98 , 54 , 33 , 83 ,  14 , 98 ,  65 , 89 ,  43 ,  17 ,  46 , 16 , 84 , 79 , 14 , 96 ,  28 ,  63 , 100 , 60 ,  75 , 50 ,  31 , 60 , 75 , 68 ,  2 ,  7 , 57 ,  45 , 24 , 16 , 19 , 41 , 33 ,  54 , 41 ,  9 , 86 , 52 ,  30 ,  54 , 66 , 89 ,   3 ,  26],
 [21 , 15 , 37 , 54 , 61 , 35 , 21 , 61 ,  91 , 21 ,  36 , 16 ,  17 , 100 ,  15 , 63 ,  7 , 66 , 78 , 75 ,  52 ,  17 ,  41 , 54 ,  41 , 88 ,  68 , 97 , 43 , 90 , 24 , 22 , 89 ,  37 , 61 , 72 , 51 ,  2 , 94 ,  22 , 65 , 80 , 76 , 44 ,  81 ,  99 , 17 , 88 ,  25 ,  62],
 [15 , 25 , 95 , 86 , 90 , 15 , 70 , 82 ,  67 , 54 ,  89 , 63 ,  46 ,  15 , 100 , 99 , 49 , 45 , 13 , 60 ,  79 ,  13 ,  62 , 28 ,  87 , 27 ,  36 , 72 , 98 , 91 , 61 , 25 ,  3 ,  43 ,  9 , 83 , 85 , 64 ,  9 ,   2 , 82 , 60 , 53 , 55 ,  74 ,  60 , 23 , 24 ,  49 ,  44],
